I3050509 00      20      10 01    20     0 1 00 20250602 99991231                 73
I3050509 00      20      10 03    20     0 1 00 20250602 99991231                217
I3050509 00      20      10 06    20     0 1 00 20250602 99991231                433
I3050509 00      20      10 12    20     0 1 00 20250602 99991231                862
I3050509 00      20      10 01    21     0 1 00 20250602 99991231                 73
I3050509 00      20      10 03    21     0 1 00 20250602 99991231                218
I3050509 00      20      10 06    21     0 1 00 20250602 99991231                435
I3050509 00      20      10 12    21     0 1 00 20250602 99991231                865
I3050509 00      20      10 01    22     0 1 00 20250602 99991231                 74
I3050509 00      20      10 03    22     0 1 00 20250602 99991231                221
I3050509 00      20      10 06    22     0 1 00 20250602 99991231                441
I3050509 00      20      10 12    22     0 1 00 20250602 99991231                878
I3050509 00      20      10 01    23     0 1 00 20250602 99991231                 76
I3050509 00      20      10 03    23     0 1 00 20250602 99991231                226
I3050509 00      20      10 06    23     0 1 00 20250602 99991231                451
I3050509 00      20      10 12    23     0 1 00 20250602 99991231                897
I3050509 00      20      10 01    24     0 1 00 20250602 99991231                 78
I3050509 00      20      10 03    24     0 1 00 20250602 99991231                232
I3050509 00      20      10 06    24     0 1 00 20250602 99991231                463
I3050509 00      20      10 12    24     0 1 00 20250602 99991231                922
I3050509 00      20      10 01    25     0 1 00 20250602 99991231                 80
I3050509 00      20      10 03    25     0 1 00 20250602 99991231                240
I3050509 00      20      10 06    25     0 1 00 20250602 99991231                478
I3050509 00      20      10 12    25     0 1 00 20250602 99991231                951
I3050509 00      20      10 01    26     0 1 00 20250602 99991231                 83
I3050509 00      20      10 03    26     0 1 00 20250602 99991231                249
I3050509 00      20      10 06    26     0 1 00 20250602 99991231                496
I3050509 00      20      10 12    26     0 1 00 20250602 99991231                987
I3050509 00      20      10 01    27     0 1 00 20250602 99991231                 87
I3050509 00      20      10 03    27     0 1 00 20250602 99991231                259
I3050509 00      20      10 06    27     0 1 00 20250602 99991231                517
I3050509 00      20      10 12    27     0 1 00 20250602 99991231               1029
I3050509 00      20      10 01    28     0 1 00 20250602 99991231                 91
I3050509 00      20      10 03    28     0 1 00 20250602 99991231                271
I3050509 00      20      10 06    28     0 1 00 20250602 99991231                541
I3050509 00      20      10 12    28     0 1 00 20250602 99991231               1076
I3050509 00      20      10 01    29     0 1 00 20250602 99991231                 95
I3050509 00      20      10 03    29     0 1 00 20250602 99991231                285
I3050509 00      20      10 06    29     0 1 00 20250602 99991231                568
I3050509 00      20      10 12    29     0 1 00 20250602 99991231               1129
